   365.9298
   375.5940
   385.2625
   394.9355
   404.6129
   414.2946
   423.9808
   433.6713
   443.3662
   453.0655
   462.7692
   472.4773
   482.1898
   491.9066
   501.6279
   511.3535
   521.0836
   530.8180
   540.5568
   550.3000
   560.0477
   569.7996
   579.5560
   589.3168
   599.0819
   608.8515
   618.6254
   628.4037
   638.1865
   647.9736
   657.7651
   667.5610
   655.2923
   665.0994
   674.9012
   684.6979
   694.4894
   704.2756
   714.0566
   723.8325
   733.6031
   743.3685
   753.1287
   762.8837
   772.6335
   782.3781
   792.1174
   801.8516
   811.5805
   821.3043
   831.0228
   840.7361
   850.4442
   860.1471
   869.8448
   879.5372
   889.2245
   898.9066
   908.5834
   918.2551
   927.9214
   937.5827
   947.2387
   956.8895
   966.5351
   976.1755
   985.8106
   995.4406
   1005.065
   1014.685
   1024.299
   1033.908
   1043.512
   1053.111
   1062.704
   1072.293
   1081.876
   1091.454
   1101.026
   1110.594
   1120.156
   1129.713
   1139.265
   1148.811
   1158.353
   1167.889
   1177.420
   1186.946
   1196.466
   1205.982
   1215.492
   1224.997
   1234.496
   1243.991
   1253.480
   1262.964
   1253.373
   1263.346
   1273.318
   1283.291
   1293.262
   1303.234
   1313.206
   1323.177
   1333.148
   1343.119
   1353.089
   1363.060
   1373.030
   1383.000
   1392.969
   1402.939
   1412.908
   1422.877
   1432.845
   1442.814
   1452.782
   1462.750
   1472.718
   1482.685
   1492.652
   1502.619
   1512.586
   1522.552
   1532.518
   1542.484
   1552.450
   1562.416
   1572.381
   1582.346
   1592.311
   1602.275
   1612.240
   1622.204
   1632.167
   1642.131
   1652.094
   1662.057
   1672.020
   1681.983
   1691.945
   1701.907
   1711.869
   1721.831
   1731.792
   1741.753
   1751.714
   1761.675
   1771.635
   1781.596
   1791.556
   1801.515
   1811.475
   1821.434
   1831.393
   1841.352
   1851.310
   1861.269
   1871.227
   1873.184
   1867.664
   1877.725
   1887.785
   1897.842
   1907.896
   1917.948
   1927.999
   1938.046
   1948.092
   1958.135
   1968.175
   1978.214
   1988.250
   1998.284
   2008.315
   2018.345
   2028.372
   2038.396
   2048.419
   2058.439
   2068.456
   2078.472
   2088.485
   2098.496
   2108.504
   2118.510
   2128.514
   2138.516
   2148.515
   2158.512
   2168.507
   2178.499
   2188.489
   2198.477
   2208.462
   2218.445
   2228.426
   2238.405
   2248.381
   2258.354
   2268.326
   2278.295
   2288.262
   2298.227
   2308.189
   2318.149
   2328.107
   2338.062
   2348.016
   2357.967
   2367.915
   2377.861
   2387.805
   2397.747
   2407.686
   2417.623
   2427.558
   2437.490
   2447.420
   2457.348
   2467.273
   2477.196
   2487.117
   2497.036