   557
   652
   695
   878
   1301
   1448
   1450
   1463
   1694
   1873
   1923
   1920
   1922
   1894
   1919
   1924
   1898
   1971
   2046
   2102
   2131
   2162
   2223
   2224
   2268
   2300
   2282
   2253
   2281
   2263
   2224
   2307
   2211
   2292
   2295
   2121
   2119
   2179
   2073
   1878
   2025
   2144
   2072
   1401
   1949
   2036
   1953
   1899
   1763
   1562
   1618
   1714
   1696
   1664
   1642
   1623
   1567
   1336
   1227
   1173
   1058
   646
   640
   786
   1097
   1201
   1355
   1388
   1362
   1368
   1357
   1338
   1321
   1295
   1259
   1231
   1180
   1128
   995
   738
   335
   320
   443
   430
   675
   884
   923
   920
   946
   931
   976
   1007
   1034
   1026
   989
   874
   974
   852
   877
   927
   927
   838
   743
   655
   481
   322
   43
   3
   4
   5
   27
   23
   53
   117
   160
   215
   388
   441
   367
   521
   814
   1014
   1166
   1252
   1297
   1321
   1317
   1279
   1173
   1194
   1204
   1155
   1157
   1202
   1177
   1122
   1117
   1102
   1078
   1060
   1033
   994
   955
   900
   843
   793
   766
   705
   609
   483
   364
   163
   65
   18
   3
   1
   0
   1
   1
   2
   3
   2
   7
   6
   2
   9
   18
   48
   100
   143
   371
   609
   714
   436
   206
   325
   682
   831
   683
   549
   582
   725
   789
   794
   787
   753
   746
   729
   679
   632
   600
   600
   582
   572
   576
   617
   636
   632
   616
   583
   561
   549
   528
   489
   492
   427
   440
   414
   364
   378
   338
   296
   264
   283
   237
   181
   231
   190
   123
   157
   134
   82
   30
   34